# Веса частных критериев качества для интегральной оценки Q_pred.
# Сумма весов должна быть равна 1.

quality_weights:
  q_acc: 0.1666666667
  q_time: 0.1666666667
  q_effort: 0.1666666667
  q_res: 0.1666666667
  q_rep: 0.1666666666
  q_fit: 0.1666666666
